{
  "cells": [
    {
      "cell_type": "markdown",
      "metadata": {
        "id": "view-in-github",
        "colab_type": "text"
      },
      "source": [
        "<a href=\"https://colab.research.google.com/github/lemwaizz/PCA/blob/main/Template_PCA_Formative_1%5BPeer_Pair_5%5D.ipynb\" target=\"_parent\"><img src=\"https://colab.research.google.com/assets/colab-badge.svg\" alt=\"Open In Colab\"/></a>"
      ]
    },
    {
      "cell_type": "markdown",
      "metadata": {
        "id": "SbyAup8vvizW"
      },
      "source": [
        "# Formative Assignment: Advanced Linear Algebra (PCA)\n",
        "This notebook will guide you through the implementation of Principal Component Analysis (PCA). Fill in the missing code and provide the required answers in the appropriate sections. You will work with the `fuel_econ.csv` dataset.\n",
        "\n",
        "Make sure to display outputs for each code cell when submitting."
      ]
    },
    {
      "cell_type": "markdown",
      "metadata": {
        "id": "Qgzkon8zvizY"
      },
      "source": [
        "### Step 1: Load and Standardize the Data\n",
        "Before applying PCA, we must standardize the dataset. Standardization ensures that all features have a mean of 0 and a standard deviation of 1, which is essential for PCA.\n",
        "Fill in the code to standardize the dataset."
      ]
    },
    {
      "cell_type": "code",
      "execution_count": 2,
      "metadata": {
        "colab": {
          "base_uri": "https://localhost:8080/"
        },
        "id": "TM6VBfNDvizZ",
        "outputId": "c7dffbd7-ecc1-47c1-e038-8de29e821544"
      },
      "outputs": [
        {
          "output_type": "stream",
          "name": "stdout",
          "text": [
            "Mounted at /content/drive\n",
            "[[-1.73714048 -1.47583548  0.28310163  0.65053594  1.46709627 -1.21737766\n",
            "  -0.85996012 -0.85242986 -1.29062982 -1.39247459 -1.00832279  1.02283829\n",
            "  -0.95057953 -0.94575548]\n",
            " [-1.73668367 -1.47583548 -0.78181585 -0.72799833  1.86476224 -1.21737766\n",
            "   0.00642675 -0.11743408  0.18494654 -0.03920038  0.07186379 -0.29854998\n",
            "   0.1886082   0.1942578 ]\n",
            " [-1.73622685 -1.47583548  0.28310163  0.49736547  1.86476224 -1.21737766\n",
            "  -0.69441634 -0.75324472 -0.5920197  -0.85174957 -0.68633929  0.56793413\n",
            "  -0.38098566 -0.37574884]\n",
            " [-1.73577004 -1.47583548  0.28310163  0.49736547  1.86476224 -1.21737766\n",
            "  -0.78280029 -0.830286   -0.82738386 -1.02758796 -0.81865124  0.752062\n",
            "  -0.38098566 -0.37574884]\n",
            " [-1.73531322 -1.47583548 -0.78181585 -0.42165738 -0.62727784  0.73489021\n",
            "   0.47108294  0.43314691  0.96751585  0.99253135  0.64805881 -0.72096098\n",
            "   1.32779592  1.33427108]]\n"
          ]
        }
      ],
      "source": [
        "# Step 1: Load and Standardize the data (use of numpy only allowed)\n",
        "\n",
        "import numpy as np\n",
        "import pandas as pd\n",
        "import matplotlib.pyplot as plt\n",
        "\n",
        "\n",
        "#Load the data\n",
        "from google.colab import drive\n",
        "drive.mount('/content/drive')\n",
        "data = pd.read_csv('/content/drive/MyDrive/fuel_econ.csv')\n",
        "# data = pd.read_csv(\"fuel_econ.csv\")\n",
        "\n",
        "#selct only numerical features for standardization\n",
        "numerical_features = data.select_dtypes(include = np.number).columns\n",
        "numerical_data = data[numerical_features].values\n",
        "\n",
        "#Calculate the mean and standard deviation\n",
        "mean = np.mean(numerical_data, axis=0)\n",
        "std_dev = np.std(numerical_data, axis=0)\n",
        "\n",
        "#Standardize the data\n",
        "standardized_numerical_data = (numerical_data - mean)/std_dev\n",
        "\n",
        "#Replacing with standardized values\n",
        "standardized_data = data.copy()\n",
        "standardized_data[numerical_features] = standardized_numerical_data\n",
        "print(standardized_numerical_data[:5])  # Display the first few rows of standardized data"
      ]
    },
    {
      "cell_type": "markdown",
      "metadata": {
        "id": "QhvYMLetviza"
      },
      "source": [
        "### Step 3: Calculate the Covariance Matrix\n",
        "The covariance matrix helps us understand how the features are related to each other. It is a key component in PCA."
      ]
    },
    {
      "cell_type": "code",
      "execution_count": 3,
      "metadata": {
        "colab": {
          "base_uri": "https://localhost:8080/"
        },
        "id": "Ek6mku8Hviza",
        "outputId": "0199be91-5c25-4966-8361-c6bcb979668d"
      },
      "outputs": [
        {
          "output_type": "execute_result",
          "data": {
            "text/plain": [
              "array([[ 1.00025458,  0.98591866, -0.06011148, -0.07468488, -0.00657025,\n",
              "        -0.02195656,  0.09182316,  0.09124849,  0.0906161 ,  0.09538375,\n",
              "         0.09382686, -0.09974229, -0.1279056 , -0.12235207],\n",
              "       [ 0.98591866,  1.00025458, -0.05532701, -0.07044161,  0.00623397,\n",
              "        -0.03365174,  0.06806739,  0.06675938,  0.07330836,  0.07766039,\n",
              "         0.07201181, -0.0811853 , -0.1498676 , -0.14517775],\n",
              "       [-0.06011148, -0.05532701,  1.00025458,  0.93411019,  0.24763384,\n",
              "        -0.00426546, -0.69327904, -0.66619842, -0.76646982, -0.77169964,\n",
              "        -0.73821112,  0.84848979, -0.78405759, -0.78201448],\n",
              "       [-0.07468488, -0.07044161,  0.93411019,  1.00025458,  0.2594021 ,\n",
              "         0.02207729, -0.71366074, -0.6863403 , -0.78418374, -0.78865771,\n",
              "        -0.75859024,  0.85559254, -0.7936343 , -0.79141752],\n",
              "       [-0.00657025,  0.00623397,  0.24763384,  0.2594021 ,  1.00025458,\n",
              "        -0.66581137, -0.27817962, -0.27261515, -0.29688365, -0.29858023,\n",
              "        -0.29095711,  0.28727323, -0.2961638 , -0.29323103],\n",
              "       [-0.02195656, -0.03365174, -0.00426546,  0.02207729, -0.66581137,\n",
              "         1.00025458,  0.03519659,  0.03787859,  0.07497068,  0.07746161,\n",
              "         0.04734493, -0.05016567,  0.06489226,  0.06527952],\n",
              "       [ 0.09182316,  0.06806739, -0.69327904, -0.71366074, -0.27817962,\n",
              "         0.03519659,  1.00025458,  0.99663082,  0.9156677 ,  0.90989004,\n",
              "         0.98980432, -0.90453509,  0.9059112 ,  0.89902154],\n",
              "       [ 0.09124849,  0.06675938, -0.66619842, -0.6863403 , -0.27261515,\n",
              "         0.03787859,  0.99663082,  1.00025458,  0.89978578,  0.89804238,\n",
              "         0.98135571, -0.8860481 ,  0.89152389,  0.88468357],\n",
              "       [ 0.0906161 ,  0.07330836, -0.76646982, -0.78418374, -0.29688365,\n",
              "         0.07497068,  0.9156677 ,  0.89978578,  1.00025458,  0.99244327,\n",
              "         0.9630022 , -0.91668944,  0.91434884,  0.89781322],\n",
              "       [ 0.09538375,  0.07766039, -0.77169964, -0.78865771, -0.29858023,\n",
              "         0.07746161,  0.90989004,  0.89804238,  0.99244327,  1.00025458,\n",
              "         0.95682339, -0.91234956,  0.91158665,  0.89454192],\n",
              "       [ 0.09382686,  0.07201181, -0.73821112, -0.75859024, -0.29095711,\n",
              "         0.04734493,  0.98980432,  0.98135571,  0.9630022 ,  0.95682339,\n",
              "         1.00025458, -0.92963549,  0.92909879,  0.91904062],\n",
              "       [-0.09974229, -0.0811853 ,  0.84848979,  0.85559254,  0.28727323,\n",
              "        -0.05016567, -0.90453509, -0.8860481 , -0.91668944, -0.91234956,\n",
              "        -0.92963549,  1.00025458, -0.94086368, -0.94480617],\n",
              "       [-0.1279056 , -0.1498676 , -0.78405759, -0.7936343 , -0.2961638 ,\n",
              "         0.06489226,  0.9059112 ,  0.89152389,  0.91434884,  0.91158665,\n",
              "         0.92909879, -0.94086368,  1.00025458,  0.99448412],\n",
              "       [-0.12235207, -0.14517775, -0.78201448, -0.79141752, -0.29323103,\n",
              "         0.06527952,  0.89902154,  0.88468357,  0.89781322,  0.89454192,\n",
              "         0.91904062, -0.94480617,  0.99448412,  1.00025458]])"
            ]
          },
          "metadata": {},
          "execution_count": 3
        }
      ],
      "source": [
        "# Step 3: Calculate the Covariance Matrix\n",
        "numerical_standardized_data = standardized_data.select_dtypes(include=np.number)\n",
        "\n",
        "cov_matrix = np.cov(numerical_standardized_data, rowvar=False)  # Calculate covariance matrix\n",
        "cov_matrix"
      ]
    },
    {
      "cell_type": "markdown",
      "metadata": {
        "id": "Pj3p49Vdvizb"
      },
      "source": [
        "### Step 4: Perform Eigendecomposition\n",
        "Eigendecomposition of the covariance matrix will give us the eigenvalues and eigenvectors, which are essential for PCA.\n",
        "Fill in the code to compute the eigenvalues and eigenvectors of the covariance matrix."
      ]
    },
    {
      "cell_type": "code",
      "execution_count": 4,
      "metadata": {
        "colab": {
          "base_uri": "https://localhost:8080/"
        },
        "id": "8SmuoL5Lvizb",
        "outputId": "124f2c17-e8dc-4d3b-c4fb-2e3cc1130afd"
      },
      "outputs": [
        {
          "output_type": "execute_result",
          "data": {
            "text/plain": [
              "(array([8.95720924e+00, 2.06777956e+00, 1.59364217e+00, 6.70587666e-01,\n",
              "        3.01684118e-01, 1.61017548e-01, 1.25550471e-01, 6.40205207e-02,\n",
              "        3.23528963e-02, 1.36962433e-02, 9.24627112e-03, 4.24637785e-03,\n",
              "        2.14358185e-03, 3.87485886e-04]),\n",
              " array([[ 1.89952516e-02, -6.87675276e-01,  7.65365183e-02,\n",
              "          1.83729680e-02, -1.42115022e-02,  7.02789695e-02,\n",
              "          1.14861126e-01,  4.01097554e-03, -1.15143583e-01,\n",
              "         -6.95538857e-01, -6.83326435e-02,  2.10633586e-02,\n",
              "         -7.10578367e-03,  6.07618642e-04],\n",
              "        [ 1.24694065e-02, -6.89503292e-01,  6.88439505e-02,\n",
              "         -9.43831862e-03, -1.35600088e-02,  3.37955333e-02,\n",
              "          8.53170135e-02, -7.51768613e-03, -5.48830131e-02,\n",
              "          7.10425085e-01,  5.58369479e-02, -9.48384475e-03,\n",
              "         -3.26885432e-04, -3.98397374e-03],\n",
              "        [-2.81632694e-01,  1.98550575e-02,  5.61398643e-02,\n",
              "          6.00933196e-01,  9.71151716e-02, -7.09369930e-02,\n",
              "          2.53817629e-01, -6.79764243e-01,  1.19688616e-01,\n",
              "          2.20121563e-03,  1.99493288e-02,  1.60174402e-02,\n",
              "          8.04028190e-03, -8.90395340e-04],\n",
              "        [-2.86142593e-01,  3.10582044e-02,  6.39803619e-02,\n",
              "          5.69008152e-01, -1.12579685e-02,  5.20085469e-04,\n",
              "          2.41804525e-01,  7.26076226e-01,  5.26897639e-02,\n",
              "          1.88707728e-02,  2.64926668e-03,  2.74345123e-03,\n",
              "          1.81240405e-02,  5.96415755e-03],\n",
              "        [-1.13744496e-01, -6.35462585e-02, -6.68453743e-01,\n",
              "          1.11921299e-01, -7.14324777e-01,  5.74549175e-02,\n",
              "         -8.32812952e-02, -5.31588314e-02, -1.69233476e-02,\n",
              "         -1.20771098e-03, -5.08741222e-03,  2.49515657e-03,\n",
              "          4.77699628e-03,  1.38002408e-03],\n",
              "        [ 2.70758334e-02,  8.29599394e-02,  7.27541248e-01,\n",
              "          4.21668361e-02, -6.60327363e-01,  8.80109065e-02,\n",
              "         -1.15893864e-01, -6.09407894e-02, -1.50666539e-02,\n",
              "          6.07275003e-03, -7.58040546e-03,  3.43747016e-03,\n",
              "          5.48765707e-03,  1.91014202e-03],\n",
              "        [ 3.18051748e-01, -2.85135436e-02, -3.09457159e-02,\n",
              "          3.07741602e-01,  9.17288395e-02,  2.33582113e-01,\n",
              "         -3.48523745e-01, -1.55857376e-03,  4.42386886e-03,\n",
              "          1.69645875e-02, -1.66951941e-01,  2.83920592e-02,\n",
              "          4.69767835e-01, -6.06838753e-01],\n",
              "        [ 3.13255816e-01, -2.82923311e-02, -2.88424193e-02,\n",
              "          3.50190560e-01,  9.64490942e-02,  2.61685754e-01,\n",
              "         -4.01063566e-01,  5.82474590e-03, -5.01782609e-02,\n",
              "         -1.87450161e-02,  3.40247326e-01, -3.70704540e-02,\n",
              "         -6.39659984e-01,  9.87960517e-02],\n",
              "        [ 3.22311434e-01, -2.87446531e-02, -7.41844009e-03,\n",
              "          1.06756217e-01, -8.36095900e-02, -5.79051855e-01,\n",
              "          6.98415760e-02,  2.77125052e-02,  9.29454003e-02,\n",
              "          3.47168354e-02, -5.54437663e-01, -8.10568303e-02,\n",
              "         -4.06961918e-01, -2.15560379e-01],\n",
              "        [ 3.21798899e-01, -3.18825751e-02, -5.04723357e-03,\n",
              "          9.25701948e-02, -8.81244175e-02, -5.98740052e-01,\n",
              "          5.43149286e-02,  3.27585244e-02, -3.73565517e-02,\n",
              "         -6.93222596e-02,  6.60371426e-01, -1.66112419e-02,\n",
              "          2.69949131e-01, -3.33988596e-02],\n",
              "        [ 3.26431467e-01, -2.95439904e-02, -2.46646202e-02,\n",
              "          2.32059576e-01,  3.57371029e-02, -3.52013759e-02,\n",
              "         -1.98176493e-01,  3.36046564e-04,  2.43702958e-02,\n",
              "          2.76273040e-02, -3.06928130e-01, -1.61455289e-03,\n",
              "          3.55719959e-01,  7.57771730e-01],\n",
              "        [-3.24688616e-01,  3.09636927e-02,  2.93518765e-02,\n",
              "          8.18837257e-02,  7.40173982e-02, -2.55009838e-01,\n",
              "         -3.27527105e-01, -2.56968080e-02, -8.31166274e-01,\n",
              "          2.88398819e-02, -9.59897926e-02, -8.09763007e-02,\n",
              "          1.25678109e-02, -3.29955487e-03],\n",
              "        [ 3.21900973e-01,  1.31945566e-01, -3.65682913e-02,\n",
              "          4.07422491e-02, -4.52335010e-02,  1.50377117e-01,\n",
              "          4.11647519e-01, -1.91175338e-02, -3.95194409e-01,\n",
              "          5.05543624e-02, -3.41858876e-02,  7.19798863e-01,\n",
              "         -5.88483770e-02, -4.22856834e-03],\n",
              "        [ 3.19831952e-01,  1.29271611e-01, -3.65195901e-02,\n",
              "          2.92741212e-02, -4.98906660e-02,  2.68563294e-01,\n",
              "          4.79705745e-01, -3.49036362e-02, -3.25473709e-01,\n",
              "          1.79402067e-02, -2.05372106e-03, -6.82266534e-01,\n",
              "          3.17540349e-02, -9.96924525e-03]]))"
            ]
          },
          "metadata": {},
          "execution_count": 4
        }
      ],
      "source": [
        "# Step 4: Perform Eigendecomposition\n",
        "eigenvalues, eigenvectors = np.linalg.eig(cov_matrix)  # Perform eigendecomposition\n",
        "eigenvalues, eigenvectors"
      ]
    },
    {
      "cell_type": "markdown",
      "source": [
        "Confirming covariance matrix derivation"
      ],
      "metadata": {
        "id": "9w2DG9Fy-wQk"
      }
    },
    {
      "cell_type": "code",
      "source": [
        "#confirmation of eigenvalue decomposition\n",
        "Lambda = np.diag(eigenvalues)\n",
        "\n",
        "#compute V * Lambda * V Inverse\n",
        "cov_matrix_reconstructed = eigenvectors @ Lambda @ np.linalg.inv(eigenvectors)\n",
        "cov_matrix_reconstructed\n"
      ],
      "metadata": {
        "colab": {
          "base_uri": "https://localhost:8080/"
        },
        "id": "CmRFWpeP9gQE",
        "outputId": "7de79be4-5d56-4aed-f4d9-cb5d1d55ba29"
      },
      "execution_count": 5,
      "outputs": [
        {
          "output_type": "execute_result",
          "data": {
            "text/plain": [
              "array([[ 1.00025458,  0.98591866, -0.06011148, -0.07468488, -0.00657025,\n",
              "        -0.02195656,  0.09182316,  0.09124849,  0.0906161 ,  0.09538375,\n",
              "         0.09382686, -0.09974229, -0.1279056 , -0.12235207],\n",
              "       [ 0.98591866,  1.00025458, -0.05532701, -0.07044161,  0.00623397,\n",
              "        -0.03365174,  0.06806739,  0.06675938,  0.07330836,  0.07766039,\n",
              "         0.07201181, -0.0811853 , -0.1498676 , -0.14517775],\n",
              "       [-0.06011148, -0.05532701,  1.00025458,  0.93411019,  0.24763384,\n",
              "        -0.00426546, -0.69327904, -0.66619842, -0.76646982, -0.77169964,\n",
              "        -0.73821112,  0.84848979, -0.78405759, -0.78201448],\n",
              "       [-0.07468488, -0.07044161,  0.93411019,  1.00025458,  0.2594021 ,\n",
              "         0.02207729, -0.71366074, -0.6863403 , -0.78418374, -0.78865771,\n",
              "        -0.75859024,  0.85559254, -0.7936343 , -0.79141752],\n",
              "       [-0.00657025,  0.00623397,  0.24763384,  0.2594021 ,  1.00025458,\n",
              "        -0.66581137, -0.27817962, -0.27261515, -0.29688365, -0.29858023,\n",
              "        -0.29095711,  0.28727323, -0.2961638 , -0.29323103],\n",
              "       [-0.02195656, -0.03365174, -0.00426546,  0.02207729, -0.66581137,\n",
              "         1.00025458,  0.03519659,  0.03787859,  0.07497068,  0.07746161,\n",
              "         0.04734493, -0.05016567,  0.06489226,  0.06527952],\n",
              "       [ 0.09182316,  0.06806739, -0.69327904, -0.71366074, -0.27817962,\n",
              "         0.03519659,  1.00025458,  0.99663082,  0.9156677 ,  0.90989004,\n",
              "         0.98980432, -0.90453509,  0.9059112 ,  0.89902154],\n",
              "       [ 0.09124849,  0.06675938, -0.66619842, -0.6863403 , -0.27261515,\n",
              "         0.03787859,  0.99663082,  1.00025458,  0.89978578,  0.89804238,\n",
              "         0.98135571, -0.8860481 ,  0.89152389,  0.88468357],\n",
              "       [ 0.0906161 ,  0.07330836, -0.76646982, -0.78418374, -0.29688365,\n",
              "         0.07497068,  0.9156677 ,  0.89978578,  1.00025458,  0.99244327,\n",
              "         0.9630022 , -0.91668944,  0.91434884,  0.89781322],\n",
              "       [ 0.09538375,  0.07766039, -0.77169964, -0.78865771, -0.29858023,\n",
              "         0.07746161,  0.90989004,  0.89804238,  0.99244327,  1.00025458,\n",
              "         0.95682339, -0.91234956,  0.91158665,  0.89454192],\n",
              "       [ 0.09382686,  0.07201181, -0.73821112, -0.75859024, -0.29095711,\n",
              "         0.04734493,  0.98980432,  0.98135571,  0.9630022 ,  0.95682339,\n",
              "         1.00025458, -0.92963549,  0.92909879,  0.91904062],\n",
              "       [-0.09974229, -0.0811853 ,  0.84848979,  0.85559254,  0.28727323,\n",
              "        -0.05016567, -0.90453509, -0.8860481 , -0.91668944, -0.91234956,\n",
              "        -0.92963549,  1.00025458, -0.94086368, -0.94480617],\n",
              "       [-0.1279056 , -0.1498676 , -0.78405759, -0.7936343 , -0.2961638 ,\n",
              "         0.06489226,  0.9059112 ,  0.89152389,  0.91434884,  0.91158665,\n",
              "         0.92909879, -0.94086368,  1.00025458,  0.99448412],\n",
              "       [-0.12235207, -0.14517775, -0.78201448, -0.79141752, -0.29323103,\n",
              "         0.06527952,  0.89902154,  0.88468357,  0.89781322,  0.89454192,\n",
              "         0.91904062, -0.94480617,  0.99448412,  1.00025458]])"
            ]
          },
          "metadata": {},
          "execution_count": 5
        }
      ]
    },
    {
      "cell_type": "markdown",
      "metadata": {
        "id": "dKaR8In9vizb"
      },
      "source": [
        "### Step 5: Sort Principal Components\n",
        "Sort the eigenvectors based on their corresponding eigenvalues in descending order. The higher the eigenvalue, the more important the eigenvector.\n",
        "Complete the code to sort the eigenvectors and print the sorted components."
      ]
    },
    {
      "cell_type": "code",
      "execution_count": 6,
      "metadata": {
        "id": "eF9KKv-7vizb",
        "colab": {
          "base_uri": "https://localhost:8080/"
        },
        "outputId": "3f4e8319-83de-4f51-8f4e-3b2470a78722"
      },
      "outputs": [
        {
          "output_type": "execute_result",
          "data": {
            "text/plain": [
              "(array([13, 12, 11, 10,  9,  8,  7,  6,  5,  4,  3,  2,  1,  0]),\n",
              " array([[ 6.07618642e-04, -7.10578367e-03,  2.10633586e-02,\n",
              "         -6.83326435e-02, -6.95538857e-01, -1.15143583e-01,\n",
              "          4.01097554e-03,  1.14861126e-01,  7.02789695e-02,\n",
              "         -1.42115022e-02,  1.83729680e-02,  7.65365183e-02,\n",
              "         -6.87675276e-01,  1.89952516e-02],\n",
              "        [-3.98397374e-03, -3.26885432e-04, -9.48384475e-03,\n",
              "          5.58369479e-02,  7.10425085e-01, -5.48830131e-02,\n",
              "         -7.51768613e-03,  8.53170135e-02,  3.37955333e-02,\n",
              "         -1.35600088e-02, -9.43831862e-03,  6.88439505e-02,\n",
              "         -6.89503292e-01,  1.24694065e-02],\n",
              "        [-8.90395340e-04,  8.04028190e-03,  1.60174402e-02,\n",
              "          1.99493288e-02,  2.20121563e-03,  1.19688616e-01,\n",
              "         -6.79764243e-01,  2.53817629e-01, -7.09369930e-02,\n",
              "          9.71151716e-02,  6.00933196e-01,  5.61398643e-02,\n",
              "          1.98550575e-02, -2.81632694e-01],\n",
              "        [ 5.96415755e-03,  1.81240405e-02,  2.74345123e-03,\n",
              "          2.64926668e-03,  1.88707728e-02,  5.26897639e-02,\n",
              "          7.26076226e-01,  2.41804525e-01,  5.20085469e-04,\n",
              "         -1.12579685e-02,  5.69008152e-01,  6.39803619e-02,\n",
              "          3.10582044e-02, -2.86142593e-01],\n",
              "        [ 1.38002408e-03,  4.77699628e-03,  2.49515657e-03,\n",
              "         -5.08741222e-03, -1.20771098e-03, -1.69233476e-02,\n",
              "         -5.31588314e-02, -8.32812952e-02,  5.74549175e-02,\n",
              "         -7.14324777e-01,  1.11921299e-01, -6.68453743e-01,\n",
              "         -6.35462585e-02, -1.13744496e-01],\n",
              "        [ 1.91014202e-03,  5.48765707e-03,  3.43747016e-03,\n",
              "         -7.58040546e-03,  6.07275003e-03, -1.50666539e-02,\n",
              "         -6.09407894e-02, -1.15893864e-01,  8.80109065e-02,\n",
              "         -6.60327363e-01,  4.21668361e-02,  7.27541248e-01,\n",
              "          8.29599394e-02,  2.70758334e-02],\n",
              "        [-6.06838753e-01,  4.69767835e-01,  2.83920592e-02,\n",
              "         -1.66951941e-01,  1.69645875e-02,  4.42386886e-03,\n",
              "         -1.55857376e-03, -3.48523745e-01,  2.33582113e-01,\n",
              "          9.17288395e-02,  3.07741602e-01, -3.09457159e-02,\n",
              "         -2.85135436e-02,  3.18051748e-01],\n",
              "        [ 9.87960517e-02, -6.39659984e-01, -3.70704540e-02,\n",
              "          3.40247326e-01, -1.87450161e-02, -5.01782609e-02,\n",
              "          5.82474590e-03, -4.01063566e-01,  2.61685754e-01,\n",
              "          9.64490942e-02,  3.50190560e-01, -2.88424193e-02,\n",
              "         -2.82923311e-02,  3.13255816e-01],\n",
              "        [-2.15560379e-01, -4.06961918e-01, -8.10568303e-02,\n",
              "         -5.54437663e-01,  3.47168354e-02,  9.29454003e-02,\n",
              "          2.77125052e-02,  6.98415760e-02, -5.79051855e-01,\n",
              "         -8.36095900e-02,  1.06756217e-01, -7.41844009e-03,\n",
              "         -2.87446531e-02,  3.22311434e-01],\n",
              "        [-3.33988596e-02,  2.69949131e-01, -1.66112419e-02,\n",
              "          6.60371426e-01, -6.93222596e-02, -3.73565517e-02,\n",
              "          3.27585244e-02,  5.43149286e-02, -5.98740052e-01,\n",
              "         -8.81244175e-02,  9.25701948e-02, -5.04723357e-03,\n",
              "         -3.18825751e-02,  3.21798899e-01],\n",
              "        [ 7.57771730e-01,  3.55719959e-01, -1.61455289e-03,\n",
              "         -3.06928130e-01,  2.76273040e-02,  2.43702958e-02,\n",
              "          3.36046564e-04, -1.98176493e-01, -3.52013759e-02,\n",
              "          3.57371029e-02,  2.32059576e-01, -2.46646202e-02,\n",
              "         -2.95439904e-02,  3.26431467e-01],\n",
              "        [-3.29955487e-03,  1.25678109e-02, -8.09763007e-02,\n",
              "         -9.59897926e-02,  2.88398819e-02, -8.31166274e-01,\n",
              "         -2.56968080e-02, -3.27527105e-01, -2.55009838e-01,\n",
              "          7.40173982e-02,  8.18837257e-02,  2.93518765e-02,\n",
              "          3.09636927e-02, -3.24688616e-01],\n",
              "        [-4.22856834e-03, -5.88483770e-02,  7.19798863e-01,\n",
              "         -3.41858876e-02,  5.05543624e-02, -3.95194409e-01,\n",
              "         -1.91175338e-02,  4.11647519e-01,  1.50377117e-01,\n",
              "         -4.52335010e-02,  4.07422491e-02, -3.65682913e-02,\n",
              "          1.31945566e-01,  3.21900973e-01],\n",
              "        [-9.96924525e-03,  3.17540349e-02, -6.82266534e-01,\n",
              "         -2.05372106e-03,  1.79402067e-02, -3.25473709e-01,\n",
              "         -3.49036362e-02,  4.79705745e-01,  2.68563294e-01,\n",
              "         -4.98906660e-02,  2.92741212e-02, -3.65195901e-02,\n",
              "          1.29271611e-01,  3.19831952e-01]]))"
            ]
          },
          "metadata": {},
          "execution_count": 6
        }
      ],
      "source": [
        "# Step 5: Sort Principal Components\n",
        "sorted_indices = np.argsort(eigenvalues)  # Sort eigenvalues in descending order\n",
        "sorted_eigenvectors = eigenvectors[:, sorted_indices]  # Sort eigenvectors accordingly\n",
        "sorted_indices, sorted_eigenvectors"
      ]
    },
    {
      "cell_type": "markdown",
      "metadata": {
        "id": "nnt4eocFvizb"
      },
      "source": [
        "### Step 6: Project Data onto Principal Components\n",
        "Now that we’ve selected the number of components, we will project the original data onto the chosen principal components.\n",
        "Fill in the code to perform the projection."
      ]
    },
    {
      "cell_type": "code",
      "execution_count": 7,
      "metadata": {
        "id": "nANFJgCQvizc",
        "colab": {
          "base_uri": "https://localhost:8080/"
        },
        "outputId": "2f277ded-1aab-4fa1-e133-06b3c692c35f"
      },
      "outputs": [
        {
          "output_type": "execute_result",
          "data": {
            "text/plain": [
              "array([[ 1.65020379e-02, -2.07315088e-03],\n",
              "       [ 7.40927248e-05,  4.73914564e-03],\n",
              "       [-5.77382010e-03, -3.35740061e-02],\n",
              "       [-4.01191167e-03, -2.22520501e-02],\n",
              "       [-6.69787162e-03,  4.04150388e-03]])"
            ]
          },
          "metadata": {},
          "execution_count": 7
        }
      ],
      "source": [
        "# Step 6: Project Data onto Principal Components\n",
        "num_components = 2  # Decide on the number of principal components to keep\n",
        "reduced_data = standardized_numerical_data @ sorted_eigenvectors[:, :num_components]  # Project data onto the principal components\n",
        "reduced_data[:5]"
      ]
    },
    {
      "cell_type": "markdown",
      "metadata": {
        "id": "Lhqp3abCvizc"
      },
      "source": [
        "### Step 7: Output the Reduced Data\n",
        "Finally, display the reduced data obtained by projecting the original dataset onto the selected principal components."
      ]
    },
    {
      "cell_type": "code",
      "execution_count": 8,
      "metadata": {
        "id": "xvdcfUuHvizc",
        "colab": {
          "base_uri": "https://localhost:8080/"
        },
        "outputId": "5117eedb-f34d-4e4f-978f-bbf94b30c13d"
      },
      "outputs": [
        {
          "output_type": "stream",
          "name": "stdout",
          "text": [
            "Reduced Data Shape: (3929, 2)\n"
          ]
        },
        {
          "output_type": "execute_result",
          "data": {
            "text/plain": [
              "array([[ 1.65020379e-02, -2.07315088e-03],\n",
              "       [ 7.40927248e-05,  4.73914564e-03],\n",
              "       [-5.77382010e-03, -3.35740061e-02],\n",
              "       [-4.01191167e-03, -2.22520501e-02],\n",
              "       [-6.69787162e-03,  4.04150388e-03]])"
            ]
          },
          "metadata": {},
          "execution_count": 8
        }
      ],
      "source": [
        "# Step 7: Output the Reduced Data\n",
        "print(f'Reduced Data Shape: {reduced_data.shape}')  # Display reduced data shape\n",
        "reduced_data[:5]  # Display the first few rows of reduced data"
      ]
    },
    {
      "cell_type": "markdown",
      "metadata": {
        "id": "G5_ptyD6vizc"
      },
      "source": [
        "### Step 8: Visualize Before and After PCA\n",
        "Now, let's plot the original data and the data after PCA to compare the reduction in dimensions visually."
      ]
    },
    {
      "cell_type": "code",
      "execution_count": 9,
      "metadata": {
        "id": "GMTY_PK6vizc",
        "colab": {
          "base_uri": "https://localhost:8080/",
          "height": 934
        },
        "outputId": "6e038cad-2bb3-4f01-95d5-7d02e42396e2"
      },
      "outputs": [
        {
          "output_type": "display_data",
          "data": {
            "text/plain": [
              "<Figure size 800x600 with 1 Axes>"
            ],
